125
145
84
29
8
1
1
192
186
170
72
17
3
3
1
227
244
368
211
59
18
4
1
2
175
177
432
196
62
23
8
6
1
175
192
405
235
73
25
16
2
1
268
292
406
199
68
18
11
2
1
420
336
270
100
39
8
1
4
1
746
269
149
36
15
7
4
1
1
418
85
22
12
4
1
111
17
3
1
142
91
75
19
4
1
1
166
119
131
48
13
9
1
174
173
265
113
40
7
3
2
1
127
148
289
146
43
18
2
2
152
167
289
148
39
8
4
1
1
247
241
306
101
25
11
9
2
1
433
210
133
29
6
4
482
149
38
13
2
1
227
36
7
3
1
1
30
7
88
7
2
51
3
1
74
2
5
42
5
1
1
1
37
5
1
27
5
2
27
4
4
1
19
6
2
1
11
3
1
3
4
17
6
5
15
2
1
3
11
4
4
2
2
14
3
5
1
1
6
4
2
1
1
9
2
2
1
9
5
3
3
1
11
9
1
1
7
1
2
21
1
1
16
3
37
3
3
2
25
3
9
1
28
7
4
2
38
9
3
1
20
7
6
1
33
2
2
6
5
1
16
16
4
3
1
7
6
9
2
20
10
9
13
6
1
16
12
8
6
4
18
19
9
7
3
2
2
16
19
14
10
2
1
17
5
7
4
2
18
12
5
2
4
2
1
25
3
1
39
5
6
95
15
9
1
1
106
27
8
5
2
134
30
20
4
1
1
1
197
38
15
8
2
188
43
8
2
1
161
12
6
2
64
3
2
9
2
1
11
10
5
49
18
18
4
1
61
37
35
14
3
72
46
39
23
5
1
93
66
39
23
5
144
95
49
15
5
3
1
202
71
24
9
2
246
63
13
3
110
21
5
15
3
1
2
4
3
1
2
3
4
4
2
1
7
3
2
2
17
10
2
1
1
17
9
18
4
1
1
1
3
1
2
1
3
1
5
4
1
3
6
4
7
2
1
13
8
5
1
30
12
8
1
1
50
19
8
2
1
88
21
8
1
38
12
1
1
981
34
12
619
20
15
6
3
525
13
14
1
3
310
13
8
3
2
2
243
9
3
1
1
218
4
7
2
1
145
4
3
1
96
3
2
1
39
2
11
520
54
22
4
1
332
33
12
7
5
1
255
34
20
10
3
1
157
19
20
11
2
2
147
15
9
5
1
126
19
8
2
95
4
4
1
69
5
23
1
7
2
5
7
1
5
10
10
3
1
13
11
15
11
2
15
11
23
6
3
1
8
18
21
6
3
1
14
14
19
11
5
1
2
23
13
16
3
2
1
1
30
12
4
3
1
14
3
1
1
2
5
3
4
1
2
10
4
10
6
2
4
13
12
10
4
1
10
9
17
4
2
1
1
2
9
9
3
1
1
11
12
16
5
1
1
19
11
3
3
1
21
7
5
1
3
3
1
1
3
3
3
1
1
8
2
3
1
2
1
1
1
3
1
1
1
1
1
1
1
1
3
2
2
1
1
1
1
1
5
1
1
1
2
1
1
1
4
1
5
3
2
2
1
1
2
1
2
3
1
2
1
2
1
1
2
4
2
2
2
2
1
3
1
1
1
2
1
4
5
1
2
1
10
3
1
10
2
1
12
3
1
14
2
2
2
14
2
11
4
4
1
2
2
1
2
2
2
4
6
3
6
1
3
3
6
4
1
10
4
6
2
1
9
12
4
2
1
1
23
8
3
1
22
7
4
7
4
1
1
1
1
3
1
2
1
1
1
1
1
3
1
5
2
1
3
4
2
1
5
3
1
6
1
58
2
2
55
1
1
33
6
2
1
34
1
1
24
3
1
2
17
1
1
11
1
5
1
52
14
6
3
33
10
8
6
2
31
6
12
6
1
2
1
16
8
5
4
12
6
3
2
1
16
8
1
1
1
11
2
2
9
2
4
2
1
6
4
2
2
2
2
1
1
5
1
1
1
2
1
3
1
3
2
1
1
3
5
2
2
1
4
3
3
1
3
1
4
1
4
1
1
2
3
3
5
5
2
1
1
5
3
2
3
1
4
1
4
3
3
1
2
7
2
2
2
2
1
1
2
2
2
1
5
1
1
2
1
1
1
1
1
1
1
1
1
1
1
1
1
2
1
4
1
2
1
2
1
2
2
1
1
1
2
2
1
2
4
4
1
2
1
1
4
1
1
1
1
2
1
1
17
2
5
6
3
1
2
1
1
11
2
1
4
1
1
2
1
1
1
1
1
2
1
2
1
2
1
13
7
5
2
35
21
12
1
2
1
2
56
51
37
17
3
1
27
50
65
24
9
1
1
17
30
73
29
5
3
1
1
30
41
80
29
10
3
1
26
55
54
19
8
3
1
1
56
58
48
26
3
2
42
20
8
5
6
4
1
23
14
5
5
58
31
22
4
2
25
51
53
12
2
1
1
2
20
49
65
26
8
1
2
14
31
59
20
5
1
27
58
70
29
9
2
58
41
45
11
4
49
37
22
8
2
19
7
1
1
13
12
16
16
8
2
6
1
2
5
1
5
1
1
2
7
6
4
6
1
1
6
1
1
1
1
6
2
2
2
4
2
6
2
2
2
2
4
3
2
1
1
3
1
1
4
1
1
1
3
1
1
1
3
1
1
2
5
2
1
1
1
4
1
1
1
5
2
2
2
7
1
1
6
7
8
7
2
9
3
3
1
15
1
1
7
4
2
2
1
2
7
3
2
1
12
2
2
1
4
9
1
1
9
15
4
3
15
7
3
15
9
1
6
3
1
1
1
1
1
1
2
1
1
1
1
2
1
2
1
1
1
2
1
3
3
1
9
3
2
9
8
2
1
115
1
114
1
1
66
3
1
1
31
2
1
37
14
1
9
9
1
95
4
80
6
1
48
3
27
2
1
20
1
27
2
1
1
1
15
1
16
1
6
1
1
1
1
1
2
1
1
1
1
1
1
1
1
1
1
1
1
2
1
1
3
1
1
2
1
1
3
2
1
1
1
1
1
1
1
1
2
1
1
2
3
3
1
1
2
1
3
1
5
9
6
3
1
6
4
7
3
1
7
6
9
9
4
3
3
10
13
2
4
1
11
4
8
11
5
3
10
10
14
9
4
1
1
5
11
9
3
1
1
27
12
9
3
12
2
1
2
13
20
16
3
1
1
4
6
21
7
1
1
4
9
11
12
4
1
2
8
2
8
10
11
3
1
1
3
9
14
5
5
2
1
1
15
12
10
2
1
1
1
11
11
8
3
1
1
10
7
4
1
3
8
1
1
10
1
5
11
5
12
1
1
7
2
1
6
2
1
4
1
1
7
2
1
7
5
1
1
4
3
1
1
1
1
1
5
2
2
3
1
3
1
1
3
1
12
4
1
5
1
6
1
4
4
1
1
1
5
2
2
1
3
1
2
1
1
2
3
1
2
1
1
1
1
3
1
3
1
1
1
3
1
2
1
1
4
1
1
2
3
1
6
1
8
3
1
1
7
4
1
11
1
1
14
16
2
10
1
3
3
3
3
3
2
5
1
1
7
2
3
1
6
3
1
10
2
1
3
10
2
1
10
2
7
3
2
1
2
1
1
3
1
1
1
1
1
1
1
1
1
1
1
1
1
1
1
1
2
4
2
6
96
4
1
42
2
1
33
3
29
1
1
20
1
1
1
22
1
11
4
1
2
2
43
6
2
2
1
13
5
3
3
1
21
5
2
1
1
2
15
2
2
6
2
9
2
1
4
2
1
1
5
1
2
2
1
2
2
1
1
1
1
3
2
1
1
1
1
1
1
1
1
1
1
1
1
1
1
1
1
2
1
1
2
2
1
4
2
1
1
1
2
1
1
1
2
1
1
1
1
1
1
1
1
1
1
1
2
3
1
2
1
1
1
1
1
2
1
1
1
1
2
1
2
1
2
1
1
1
1
1
14
3
3
1
5
6
4
1
1
3
1
2
9
1
1
2
1
2
4
1
2
1
3
2
1
1
2
1
1
1
2
1
1
1
1
1
1
1
1
1
1
1
1
1
2
1
1
1
1
3
2
1
1
2
1
1
1
1
1
1
1
2
1
1
1
1
3
1
3
1
2
4
2
2
1
4
2
1
1
3
3
2
1
1
1
1
1
3
1
3
1
2
2
3
3
2
2
1
1
1
2
2
1
3
1
1
1
4
2
1
1
1
2
1
1
2
1
1
1
1
1
1
2
1
1
2
1
2
2
1
1
1
1
2
1
1
7
1
2
1
1
3
3
3
3
1
2
1
4
2
1
1
1
1
1
1
15
16
15
5
1
12
25
37
17
7
1
27
34
50
37
16
4
18
19
49
43
16
1
16
26
34
33
26
2
2
27
27
49
33
9
7
7
1
60
38
34
20
7
3
1
1
243
88
33
13
5
2
787
166
46
16
6
1
1
896
120
17
8
2
54
111
104
54
11
4
30
90
125
69
32
11
4
1
53
80
197
150
54
23
9
1
2
29
60
152
112
47
25
5
8
1
1
40
72
168
92
50
16
4
2
2
94
97
134
65
25
10
9
1
169
103
67
29
9
3
1
1
1
441
132
50
15
6
2
1
851
159
37
15
4
1
1
709
82
8
1
59
2
1
2
41
1
41
3
1
32
1
23
1
1
24
1
2
24
2
21
5
1
1
36
12
1
64
14
1
1
24
5
1
16
5
4
3
1
20
5
2
1
15
3
2
1
6
1
1
6
5
1
1
2
7
3
2
1
18
7
4
1
17
15
2
124
12
2
9
1
7
1
16
4
1
3
1
1
12
2
1
8
1
5
2
2
11
3
16
5
1
12
2
1
5
4
6
2
7
3
4
3
1
11
3
6
3
5
1
1
3
2
7
5
2
11
6
3
3
2
1
4
3
5
6
1
1
8
4
4
3
1
6
6
4
3
1
1
14
14
5
1
13
7
2
1
4
7
1
1
28
1
1
26
2
1
23
3
3
1
51
6
3
1
54
7
1
1
86
7
2
1
145
15
5
73
9
2
5
4
2
1
18
4
2
2
3
21
7
5
3
1
1
24
7
8
1
29
12
6
5
1
51
10
8
3
1
1
58
10
5
2
99
30
2
1
178
46
10
1
184
30
5
1
2
3
2
2
2
6
6
1
1
4
2
2
14
5
85
18
5
213
43
8
1
1
1
3
1
2
1
1
4
2
1
1
2
3
1
2
6
8
2
3
1
2
7
6
4
2
62
25
12
3
3
1
298
111
31
4
2
1081
284
31
4
1
223
10
2
3
1
119
2
2
1
124
2
3
90
3
1
3
1
60
3
1
1
1
76
3
3
1
66
2
1
60
1
77
4
73
5
160
17
18
7
1
1
74
15
5
6
1
1
84
11
11
2
4
46
6
9
6
3
1
45
8
7
6
5
1
46
6
7
1
1
29
1
43
5
3
63
9
1
1
88
11
1
1
1
1
1
1
3
1
2
1
2
1
1
1
2
3
1
1
2
4
1
3
1
1
4
3
3
2
2
6
4
1
1
2
17
6
2
1
1
43
9
6
4
28
4
1
1
1
2
1
4
4
3
1
4
9
6
2
1
4
12
4
4
1
1
2
3
3
2
8
5
1
1
12
7
1
2
15
7
6
1
28
11
5
1
28
7
1
1
16
8
17
18
12
1
6
1
4
4
1
4
2
2
1
1
1
1
3
1
1
2
1
1
1
3
3
3
1
2
1
1
3
3
1
1
1
1
1
2
2
1
2
2
4
1
3
1
3
1
1
1
4
1
2
2
3
1
4
1
5
1
1
1
2
2
2
2
7
4
1
1
2
3
1
2
5
6
1
6
16
16
2
1
16
1
2
8
1
1
1
1
1
1
2
3
1
1
1
3
1
5
1
1
7
6
2
7
4
1
17
9
2
12
7
1
12
4
1
3
1
2
1
1
1
4
1
1
17
3
1
1
2
1
2
2
1
1
7
3
1
1
8
4
1
1
31
11
4
55
21
1
3
24
18
1
20
1
1
11
1
1
13
1
17
16
10
7
1
5
18
4
6
2
10
5
6
3
2
1
10
2
1
1
1
5
6
4
2
1
1
12
3
1
4
1
13
3
3
5
3
9
1
7
1
1
3
1
1
1
2
1
1
1
1
1
1
1
1
2
1
2
1
4
1
1
1
8
2
2
6
3
1
1
3
5
3
1
1
2
1
3
2
1
1
2
1
1
1
5
1
1
1
8
1
6
2
1
3
2
1
1
1
1
1
1
1
1
1
1
1
1
1
1
5
1
1
2
3
1
1
1
1
1
1
1
1
1
1
1
1
1
1
2
1
2
1
1
1
1
2
9
2
1
1
2
1
3
4
2
1
2
1
1
2
2
3
2
1
1
1
3
1
1
1
2
2
1
1
5
5
3
1
2
6
5
6
2
1
5
3
9
2
1
1
1
4
8
4
3
1
3
9
10
5
3
3
1
1
7
9
10
6
4
2
2
8
28
12
11
6
1
1
1
76
53
14
6
2
66
33
12
15
11
4
2
21
21
13
5
18
28
44
18
2
2
1
10
21
42
19
3
3
8
12
31
17
5
5
1
1
19
24
31
14
4
1
18
21
32
13
3
1
1
43
36
27
6
5
73
50
12
4
1
1
47
24
6
3
5
1
1
3
6
3
1
1
1
3
1
6
8
1
1
10
5
1
3
1
5
1
1
2
2
1
1
4
1
7
1
3
6
1
1
9
7
5
1
10
3
1
1
1
1
1
2
2
2
1
1
3
1
1
1
3
2
1
1
1
1
1
3
1
6
1
1
1
1
1
1
2
1
5
2
1
2
2
4
1
6
1
4
1
1
1
1
1
1
2
1
3
1
4
2
1
1
2
5
5
1
8
1
1
1
1
12
8
2
3
5
1
1
2
1
1
5
7
3
13
12
2
2
1
1
1
1
2
4
1
9
9
3
28
46
9
1
2
79
73
15
1
1
33
19
9
1
12
8
2
5
8
3
1
7
8
19
1
1
2
8
1
1
6
1
8
1
1
1
1
6
2
1
5
1
9
2
10
1
1
1
1
1
1
1
1
1
1
1
1
1
1
1
1
1
1
1
1
1
1
1
1
1
1
1
1
1
1
1
1
1
1
1
1
1
1
1
1
1
1
1
1
1
1
1
1
1
1
4
1
2
1
1
2
1
1
1
1
1
1
1
1
1
1
1
1
1
1
1
1
1
1
1
1
1
2
1
1
1
2
1
1
1
1
1
1
1
1
1
1
1
1
1
1
1
2
1
1
1
1
3
1
1
1
1
1
1
1
1
1
1
1
1
1
3
1
1
2
4
1
1
1
2
2
2
1
1
2
1
1
4
1
2
4
1
2
1
4
1
1
1
1
1
1
1
1
1
2
3
1
5
2
2
1
1
2
1
1
1
1
1
1
1
3
1
1
1
1
1
1
1
1
1
1
1
1
1
1
1
1
1
2
1
1
1
1
3
1
1
1
1
1
1
1
1
1
25
6
1
7
4
1
1
1
13
1
6
1
1
1
1
1
2
1
1
1
1
1
1
1
1
2
1
2
1
2
1
1
1
1
1
1
1
1
1
1
1
1
1
1
1
1
1
1
1
1
1
1
1
7
2
1
2
1
1
1
1
1
2
1
1
1
1
1
1
1
2
2
1
1
1
1
1
7
1
1
3
1
3
3
1
1
1
1
1
1
1
1
1
1
1
1
2
1
1
1
1
1
1
1
2
2
2
1
1
1
3
1
1
2
2
3
4
4
3
1
1
1
4
4
4
1
1
4
2
1
1
1
1
2
3
1
1
8
5
3
1
2
1
1
1
3
1
1
1
1
5
1
1
1
2
1
2
1
1
1
1
1
1
1
1
2
1
1
2
1
1
2
1
1
1
2
2
14
1
4
1
2
1
1
2
1
1
9
1
1
5
1
1
2
1
1
4
2
1
1
1
1
1
2
1
1
1
1
1
1
1
1
1
1
1
1
1
1
1
1
1
1
1
1
2
1
1
1
1
1
1
1
1
1
1
1
1
1
1
2
1
1
3
1
3
1
1
24
16
5
2
23
9
11
3
2
17
14
22
10
4
8
12
14
8
2
5
11
12
5
2
11
4
13
5
1
9
5
3
2
5
5
5
2
1
3
2
34
17
7
3
1
19
6
12
5
1
15
9
22
8
6
8
12
8
2
1
1
7
9
19
4
1
1
14
9
8
3
2
1
15
8
4
1
11
6
2
13
2
2
11
4
2
1
1
1
1
1
1
2
2
1
1
1
1
1
4
1
3
1
2
1
1
2
2
2
1
6
2
1
1
1
1
1
1
1
4
5
1
1
6
4
1
1
5
2
3
2
4
3
6
1
3
2
2
4
5
5
1
6
2
6
2
1
6
9
3
2
1
9
6
3
9
7
5
5
13
4
1
4
2
1
1
1
1
1
1
1
1
1
1
1
1
303
5
68
6
38
16
3
11
2
1
5
1
1
318
15
3
39
6
2
25
3
1
1
13
1
9
1
1
6
2
1
1
1
1
3
2
2
1
1
1
1
3
2
3
1
1
1
3
2
1
1
1
3
2
1
2
3
1
1
3
1
1
1
1
1
1
1
1
1
1
1
1
1
1
1
1
1
1
1
2
2
1
2
3
1
2
1
1
1
4
3
1
1
15
4
6
1
6
1
34
4
2
1
2
1
2
7
3
4
3
1
1
1
1
1
1
1
1
1
1
1
1
1
1
1
1
1
1
3
1
1
4
1
1
3
1
6
2
1
1
2
1
3
3
7
1
1
1
3
2
2
2
1
1
2
2
2
1
3
1
2
1
1
4
4
1
7
1
1
3
2
1
2
3
4
1
1
2
1
1
2
2
4
2
1
1
2
2
1
4
2
1
1
4
3
1
1
1
1
3
1
1
1
1
2
2
1
1
1
1
1
1
1
1
1
1
1
84
23
8
3
3
1
76
8
2
2
1
1
1
2
1
3
1
2
1
1
1
1
1
1
1
2
2
1
1
2
1
1
1
2
1
1
4
2
2
1
1
1
1
1
1
1
1
1
1
1
1
16
1
4
1
1
1
18
2
3
1
1
1
1
1
1
1
1
1
1
2
1
1
1
1
3
1
3
1
1
1
2
1
1
1
1
1
1
1
1
1
2
1
1
2
1
1
1
1
1
1
1
9
1
4
1
7
1
1
4
1
4
3
1
2
2
6
1
1
1
1
4
2
1
1
1
1
1
1
2
2
1
2
4
1
1
7
1
1
1
3
6
2
8
7
6
1
5
8
16
5
2
6
9
10
8
1
3
1
7
6
1
2
1
5
5
2
1
2
2
3
3
1
6
7
1
5
4
7
1
3
11
1
1
3
3
1
1
1
2
4
2
1
1
1
1
3
1
2
2
2
1
1
1
1
2
2
1
1
2
1
1
1
1
1
4
1
2
1
1
3
1
1
5
2
2
1
1
2
3
1
4
2
2
1
4
1
3
3
1
2
3
1
1
1
1
1
1
1
1
2
1
1
3
1
6
1
109
20
1
1
11
1
1
4
2
1
1
2
1
111
6
1
1
10
2
13
1
1
1
1
4
1
1
3
1
1
1
1
1
1
1
2
1
1
1
1
2
2
1
1
1
1
1
1
1
1
1
1
1
9
1
2
1
2
1
12
5
1
5
1
1
1
1
1
1
1
1
1
1
3
1
1
1
1
2
1
3
1
2
1
1
1
1
1
1
3
1
3
8
4
5
1
1
2
2
1
1
2
2
1
4
3
2
1
1
1
3
7
1
1
4
1
1
1
1
1
1
1
1
1
1
1
1
1
1
1
1
73
1
10
1
3
1
1
56
1
9
1
6
2
1
1
1
1
1
4
2
7
3
4
1
9
4
6
2
3
4
7
2
1
4
2
3
2
4
5
8
4
5
3
1
1
6
2
2
1
16
2
2
1
21
3
1
1
11
8
5
4
6
3
8
2
1
1
2
3
1
6
2
5
2
8
7
4
2
1
3
3
1
1
1
1
1
1
1
1
1
1
4
1
4
7
1
2
3
1
1
1
1
1
5
1
3
1
5
1
1
1
3
4
2
1
2
2
5
4
2
1
1
1
1
1
1
1
1
30
23
17
8
3
1
1
2
48
28
13
1
8
5
9
5
1
1
1
1
1
2
1
1
1
1
1
1
1
1
1
2
1
1
1
1
2
2
1
1
1
1
2
2
1
2
1
5
4
1
1
1
1
1
1
1
1
1
1
1
1
2
1
2
1
1
3
3
1
2
1
1
1
1
1
1
3
1
1
1
1
1
2
1
6
2
2
4
2
3
1
2
2
1
5
3
1
2
2
2
3
2
3
1
1
1
2
1
1
1
1
1
16
4
4
2
1
1
23
5
4
2
1
1
1
1
1
1
1
1
2
1
1
3
2
1
1
2
1
1
1
2
1
1
1
1
1
1
1
2
3
2
1
1
1
2
1
2
3
1
2
2
3
4
1
6
2
1
2
2
4
1
1
1
1
1
1
1
2
3
1
1
1
1
1
1
1
1
1
2
1
1
1
1
1
17
7
6
3
2
1
1
1
14
1
1
13
1
1
3
1
1
1
1
1
2
1
1
2
4
1
1
1
1
3
1
1
1
1
1
1
1
3
1
5
2
1
1
1
1
1
2
1
1
1
1
1
1
1
1
1
1
1
1
1
9
7
2
1
15
7
1
1
1
