103
117
68
24
7
1
173
153
134
53
11
2
3
1
186
198
296
159
45
16
3
1
2
137
136
358
160
52
20
7
4
1
143
149
334
187
62
16
11
1
1
197
223
323
155
52
14
5
2
222
200
171
67
28
7
2
1
395
125
87
18
11
5
4
1
142
40
14
6
2
1
25
9
2
125
81
62
18
3
1
155
110
108
42
12
8
1
159
153
240
95
26
7
3
2
1
123
140
258
134
33
17
2
2
138
151
266
131
36
6
4
1
226
219
281
89
22
8
5
2
1
402
187
117
27
5
4
424
134
32
10
1
1
203
23
5
3
1
23
6
73
6
2
41
3
1
63
2
4
33
3
1
1
25
4
19
2
2
18
3
3
1
15
5
1
1
4
1
2
2
15
3
4
14
2
3
10
4
3
2
2
14
2
4
1
4
3
2
1
1
7
2
1
4
3
2
3
1
8
6
1
1
6
1
2
15
1
12
2
32
3
2
1
16
2
7
21
7
4
1
30
5
1
1
14
4
2
1
11
2
2
4
11
13
3
1
1
6
6
9
2
19
8
8
11
2
1
11
9
8
4
2
13
18
7
5
3
2
1
13
17
11
8
2
1
14
5
3
4
2
13
9
5
1
3
1
1
22
3
1
29
4
5
74
10
8
73
17
5
3
1
93
25
12
3
1
1
139
32
10
5
2
100
25
8
1
1
82
6
4
2
21
1
1
1
1
1
9
10
4
41
16
16
4
1
51
34
30
12
3
59
42
35
20
5
1
80
55
34
17
5
128
85
43
11
4
2
180
64
24
6
2
212
51
12
2
92
18
3
10
2
1
3
3
1
1
3
2
4
2
1
4
2
1
6
5
2
1
9
4
5
2
1
1
1
3
1
2
3
1
4
2
1
3
6
4
5
2
1
10
7
4
1
26
6
8
1
44
17
8
1
1
78
17
7
1
31
9
1
819
27
9
522
16
10
6
2
417
9
14
1
3
258
8
1
2
1
191
9
1
1
166
3
6
2
97
4
3
1
43
3
2
1
16
2
5
460
44
17
4
292
31
8
5
4
1
229
28
16
8
2
1
140
18
18
8
1
2
131
11
8
5
109
17
6
2
80
4
4
1
57
3
20
1
6
2
5
6
2
9
10
3
1
9
5
14
6
1
13
8
16
2
2
1
3
9
14
3
3
1
8
11
13
6
3
1
11
7
6
1
1
1
13
6
2
1
4
1
1
5
3
4
1
2
7
4
9
5
2
4
9
11
8
4
9
8
15
3
1
1
1
1
7
8
2
1
1
9
11
10
4
1
1
15
9
3
2
1
16
6
5
1
3
1
1
1
3
3
2
1
5
2
1
1
2
1
1
1
1
1
3
2
2
1
1
1
1
4
1
1
1
2
1
1
2
1
2
2
1
2
1
1
2
1
1
1
2
3
2
2
2
2
1
1
1
1
2
1
2
3
1
1
8
2
7
1
7
1
8
2
2
2
10
1
5
2
1
1
1
2
2
2
2
4
3
3
1
3
3
3
3
1
7
4
6
8
9
4
1
1
1
20
7
3
15
7
3
5
3
1
1
1
1
1
1
1
1
1
3
1
2
2
2
2
1
3
2
1
5
1
48
1
2
44
1
1
27
2
1
1
25
1
15
2
1
10
1
5
1
2
42
13
5
3
29
9
7
6
2
25
6
10
3
1
2
1
12
6
4
3
11
5
3
1
1
13
7
1
1
1
9
1
2
7
2
2
2
1
4
4
2
2
1
2
1
4
1
1
1
2
1
2
1
2
2
1
1
4
1
2
1
3
3
1
1
1
1
1
4
1
1
2
2
3
4
5
2
1
5
3
2
3
1
2
1
2
3
1
1
2
7
2
2
2
1
1
2
1
2
1
4
1
1
1
1
1
1
1
1
1
1
1
1
2
1
3
1
1
1
1
1
2
2
1
1
4
3
1
2
1
1
2
1
1
2
1
1
17
1
5
3
3
1
2
1
10
1
1
4
1
1
1
1
1
2
1
2
2
1
9
5
4
2
25
19
9
1
1
1
1
53
49
27
11
2
1
22
44
50
20
6
1
1
16
24
60
25
3
2
1
26
35
66
19
5
2
17
42
41
15
6
3
1
1
36
39
35
18
3
1
23
18
7
3
2
4
23
12
5
5
56
29
19
3
2
22
46
40
11
2
1
1
2
16
45
57
24
5
1
1
11
30
47
16
5
25
51
63
27
8
2
53
34
40
9
3
43
32
21
6
1
15
3
1
1
12
9
15
10
5
1
5
1
1
4
2
1
2
7
5
3
6
1
6
1
1
1
1
4
2
2
2
3
2
6
2
1
1
2
4
2
1
1
1
3
1
1
3
1
1
3
1
1
2
1
1
2
4
2
1
1
1
4
1
1
3
1
2
2
6
1
4
6
7
7
2
6
1
2
10
1
1
3
3
2
1
2
6
3
1
1
11
1
2
3
8
1
8
13
2
2
13
6
1
13
7
1
6
3
1
1
1
1
1
1
1
2
1
2
3
3
1
8
3
1
5
7
1
1
96
1
99
1
1
51
3
1
25
2
1
32
14
1
7
6
88
3
69
4
42
2
26
2
1
17
1
24
1
1
1
14
1
13
1
6
1
1
1
1
1
1
1
1
1
1
1
1
1
1
1
1
2
1
2
1
1
3
2
1
1
1
1
1
2
1
1
3
2
1
1
1
1
2
1
5
8
5
3
1
5
2
5
3
1
6
4
8
8
3
3
2
6
11
1
2
1
7
4
6
9
4
2
8
6
7
7
3
1
6
5
2
1
1
12
7
8
3
3
1
1
13
18
16
2
1
1
2
5
19
7
1
1
4
9
7
10
4
1
2
7
2
8
9
10
3
1
1
3
8
12
5
5
2
1
1
13
12
9
2
1
1
1
11
9
7
3
1
8
6
4
1
3
7
1
1
9
5
8
3
4
1
1
3
1
3
2
1
1
1
3
2
4
1
1
3
2
1
1
1
1
4
2
2
2
2
1
1
4
4
1
4
5
1
3
4
1
1
5
2
2
3
1
1
1
1
2
3
2
1
1
1
2
1
2
1
1
3
1
2
1
1
3
1
1
2
2
1
4
1
6
3
3
1
1
7
8
9
2
2
1
2
3
2
2
3
2
5
1
1
6
1
3
1
5
2
1
8
2
1
2
8
2
1
7
1
6
3
2
1
2
1
1
2
1
1
1
1
1
1
1
1
1
1
1
1
4
2
3
85
4
1
35
1
27
3
23
1
13
1
1
1
19
1
7
3
1
2
1
41
6
2
2
1
11
5
3
3
1
17
5
2
1
1
2
15
1
2
6
2
9
2
1
2
2
1
1
5
1
1
1
2
1
1
1
1
1
2
1
1
1
1
1
1
1
1
1
1
2
1
1
2
2
1
2
1
1
2
1
2
1
1
1
1
1
1
1
1
1
1
1
1
1
2
1
1
1
1
1
2
1
1
1
1
1
1
2
1
2
1
1
1
11
3
3
1
4
5
1
1
1
2
1
2
8
1
1
2
1
2
4
1
1
1
3
2
1
2
1
1
1
1
1
1
1
1
1
1
1
1
1
1
1
2
1
1
1
2
1
2
1
1
1
1
1
2
1
1
1
1
2
3
1
2
4
2
2
1
3
1
1
1
3
2
1
1
1
1
1
1
3
1
2
1
2
1
3
3
2
2
1
1
1
2
2
1
2
1
1
1
4
2
1
1
1
1
1
1
2
1
1
1
2
1
1
2
2
1
1
1
1
2
6
1
2
3
3
3
3
1
2
1
4
1
1
1
1
1
9
8
12
3
1
11
19
29
8
5
1
20
22
33
28
7
4
12
11
32
28
7
1
11
19
24
19
18
2
2
12
18
26
22
5
6
5
1
20
22
22
11
6
1
1
1
108
33
18
8
4
1
247
61
18
11
4
1
223
39
12
4
1
45
101
102
49
10
4
24
81
116
63
29
10
4
1
48
77
176
134
50
22
9
1
2
19
53
140
100
42
21
4
8
1
34
61
145
87
44
15
4
2
1
80
88
122
58
24
9
7
1
139
86
61
22
7
3
1
1
1
385
109
42
11
5
1
1
776
138
30
13
2
1
1
567
59
7
41
2
1
2
30
1
27
2
1
20
1
17
18
1
2
16
1
10
5
1
1
20
8
1
12
5
21
5
1
11
4
4
3
1
16
2
1
15
3
2
1
5
4
5
1
1
2
3
3
2
15
7
4
1
14
14
2
46
10
2
8
1
4
1
12
4
1
2
1
1
7
2
1
2
1
3
1
5
2
6
2
1
4
1
1
4
3
5
2
6
1
4
3
1
10
2
3
3
2
1
1
4
4
2
3
5
2
2
2
1
2
3
3
5
6
4
2
3
1
3
4
3
1
1
10
8
5
1
9
3
1
1
4
4
1
21
1
1
18
1
16
1
3
26
2
3
1
20
2
1
42
1
2
1
40
6
3
7
2
4
4
2
1
16
4
2
3
13
6
3
3
1
1
21
4
6
1
18
11
5
3
1
40
7
5
2
1
1
42
5
3
2
72
21
2
1
134
33
6
1
125
16
5
1
2
2
2
2
2
3
2
1
2
1
2
8
2
28
7
1
60
13
4
1
3
1
1
1
1
1
2
1
1
1
3
1
2
3
5
2
2
1
2
5
4
3
2
49
18
5
2
1
1
235
79
26
3
2
760
173
19
2
1
179
7
2
3
85
2
2
1
91
1
2
47
3
2
1
31
2
1
1
1
42
2
3
1
36
1
31
24
2
22
2
148
16
16
7
1
1
66
15
5
4
1
1
62
9
8
1
4
33
4
6
4
3
1
31
6
6
6
5
29
5
5
1
1
20
1
27
5
2
41
6
1
1
52
11
1
1
1
3
1
1
1
2
1
2
1
1
1
2
2
1
3
2
3
2
3
1
1
1
6
3
1
12
3
1
10
1
1
1
2
1
4
3
2
1
4
9
6
2
1
3
10
4
4
1
1
1
3
2
6
5
1
1
8
5
2
13
5
5
26
9
3
1
22
6
1
13
7
13
14
10
4
1
2
3
1
1
1
1
1
1
3
1
1
1
1
1
1
3
2
3
1
2
1
1
2
3
1
1
1
1
1
2
1
2
1
1
2
1
1
1
4
1
2
3
1
3
1
3
1
1
2
2
2
1
6
4
1
2
2
1
1
3
5
4
7
5
1
4
1
1
1
1
1
2
3
1
2
5
4
6
1
5
4
1
11
8
1
10
6
12
2
1
3
1
1
1
5
2
1
1
1
1
2
1
1
6
3
1
1
4
4
1
24
10
4
39
16
1
3
22
12
1
15
1
1
7
1
1
7
11
6
4
2
15
4
6
2
7
5
5
2
2
1
5
2
1
1
3
4
4
1
1
1
11
3
1
4
11
1
3
5
2
8
1
6
2
1
1
1
2
1
1
1
1
1
1
1
1
1
2
2
1
3
5
3
1
1
1
1
3
2
1
2
1
3
1
1
7
1
6
1
1
2
2
1
1
1
1
1
1
1
1
1
1
1
1
1
1
1
1
1
1
1
1
1
1
1
1
1
2
1
1
1
1
1
2
5
2
1
2
2
3
1
2
1
1
1
3
2
1
1
3
1
1
2
1
1
4
4
3
1
1
5
5
4
1
1
3
3
8
2
1
1
1
2
5
3
2
3
7
5
5
2
2
5
7
8
3
1
2
5
17
7
3
2
1
1
1
47
40
10
6
1
31
21
10
15
11
3
2
19
21
13
5
15
27
43
16
2
2
1
9
20
36
19
3
3
7
9
29
14
4
4
1
1
17
24
30
12
3
15
20
27
11
3
1
39
32
22
5
5
68
39
10
4
1
1
44
19
5
2
5
1
1
2
5
3
2
1
5
6
1
5
4
3
1
4
1
1
2
1
1
1
4
7
1
3
6
1
1
7
5
4
1
4
3
1
1
1
2
1
2
1
1
3
1
1
1
3
2
1
1
1
1
1
2
1
4
1
1
1
1
2
1
4
2
1
1
1
2
2
1
1
1
1
1
1
1
3
2
1
2
5
3
1
7
1
1
1
12
6
2
2
1
1
1
2
1
1
3
6
1
5
9
2
1
1
1
1
1
1
6
8
2
22
37
8
1
1
54
47
8
1
1
27
17
8
8
5
2
3
5
3
1
4
6
16
1
1
2
8
1
6
7
1
1
1
1
4
1
1
4
9
2
8
1
1
1
1
1
1
1
1
1
1
1
1
1
1
1
1
1
1
1
1
1
1
1
1
1
1
1
1
1
1
1
1
1
1
1
3
1
2
1
1
2
1
1
1
1
1
1
1
1
1
1
1
1
1
1
1
1
1
1
1
1
1
1
1
1
1
1
1
1
1
1
1
1
1
1
1
3
1
1
1
1
1
1
1
1
1
1
1
3
1
2
3
1
1
1
1
1
2
1
2
1
4
1
2
1
1
4
1
1
1
1
1
1
1
2
1
1
3
1
1
1
1
2
1
1
1
1
1
1
1
3
1
1
1
1
1
1
1
1
1
1
1
1
1
1
1
1
1
1
1
1
1
1
1
19
5
1
7
3
1
1
9
1
6
1
1
1
1
2
1
1
1
1
1
1
1
2
1
2
1
1
1
1
1
1
1
1
1
1
1
1
1
1
1
4
2
1
2
1
1
1
1
2
1
1
1
1
1
1
2
1
1
1
5
1
1
2
1
3
2
1
1
1
1
1
1
1
1
1
1
1
2
1
1
1
1
1
1
1
1
1
1
1
1
1
2
2
3
3
4
3
1
1
4
3
3
1
1
2
2
1
1
1
2
3
1
1
7
3
3
1
1
3
1
1
1
1
2
1
1
1
1
1
2
1
1
1
1
1
1
1
2
1
1
1
1
1
1
1
2
2
10
1
4
1
1
1
1
1
1
9
1
1
2
1
1
2
1
1
4
2
1
1
1
1
2
1
1
1
1
1
1
1
1
1
1
1
1
1
1
1
1
2
1
1
1
1
1
1
1
1
1
1
1
1
1
1
1
1
1
3
1
2
1
1
20
11
5
2
16
8
9
3
1
12
12
16
6
3
6
9
10
5
2
4
8
5
3
1
7
3
11
4
1
4
2
1
2
2
1
2
2
1
1
30
15
5
3
1
17
4
10
5
1
13
9
18
6
5
6
9
8
2
1
1
7
9
19
4
1
1
12
8
8
2
1
1
15
7
4
1
11
6
2
11
2
8
3
1
1
1
1
1
1
1
1
2
1
1
1
1
2
1
2
1
2
1
1
2
2
2
1
5
2
1
1
1
1
1
1
1
3
1
1
4
4
1
1
3
2
2
2
2
3
3
2
2
3
5
5
1
4
1
5
2
1
5
8
3
2
1
6
6
3
7
6
4
5
10
2
1
4
2
1
1
1
1
1
1
1
1
1
1
263
4
52
4
30
11
2
7
2
1
3
1
288
12
2
35
5
2
20
2
1
12
1
7
1
5
2
1
1
1
1
3
1
2
1
1
2
1
2
1
1
2
1
1
1
2
1
2
2
1
1
2
1
1
1
1
1
1
1
1
1
1
1
1
1
2
1
1
1
1
1
1
1
3
3
1
12
2
2
5
1
28
3
1
1
2
2
7
1
3
2
1
1
1
1
1
1
1
1
1
1
1
1
1
1
1
1
2
1
4
1
1
3
1
6
1
2
1
2
2
6
1
3
1
2
1
1
2
1
1
3
1
3
3
1
5
1
1
3
1
1
3
4
1
1
1
1
1
1
4
2
1
1
2
2
4
2
1
4
2
1
1
1
3
1
1
1
2
1
1
1
1
1
1
1
1
74
20
8
2
3
67
6
1
2
1
1
1
2
2
1
2
1
1
1
1
1
1
1
2
2
1
2
1
2
1
1
4
1
1
1
1
1
1
1
1
1
13
1
3
1
18
2
3
1
1
1
1
1
1
1
1
1
2
1
1
1
1
3
1
2
1
1
1
2
1
1
1
1
1
1
1
1
2
1
1
2
1
1
1
1
1
1
9
3
1
6
1
3
1
3
3
1
2
2
6
1
1
4
1
1
1
1
1
1
1
1
2
1
1
1
1
1
1
8
7
5
1
5
8
15
4
1
6
8
9
7
1
2
1
5
6
1
2
1
5
5
2
1
2
2
3
3
1
5
6
1
5
3
6
1
3
10
1
1
2
2
1
3
1
1
1
1
2
2
1
2
2
1
2
1
3
1
4
2
1
1
1
2
3
1
2
1
2
1
3
1
3
2
1
2
2
1
1
1
1
2
1
1
3
1
6
1
98
16
1
9
1
1
3
1
1
1
1
1
104
6
1
1
9
2
11
1
1
1
1
3
1
3
1
1
1
1
2
1
1
1
1
1
1
1
1
1
1
1
1
8
1
2
1
1
1
11
4
1
5
1
1
1
1
3
1
1
1
1
1
1
2
2
1
1
1
1
1
2
1
8
4
5
1
1
2
1
1
1
2
1
1
3
2
1
1
1
1
1
6
1
1
4
1
1
1
1
1
1
1
1
1
1
69
9
1
2
1
51
1
9
5
1
1
1
1
1
1
4
2
6
3
3
1
8
4
5
2
2
4
5
2
1
2
1
2
2
4
3
7
4
4
1
4
1
1
1
16
1
2
1
19
3
1
1
11
7
5
4
6
3
8
2
1
1
2
3
4
2
5
2
8
5
3
2
1
3
2
1
1
1
1
1
1
1
1
1
3
1
2
4
1
2
1
1
1
5
1
3
1
5
1
1
1
2
4
1
1
2
2
5
4
2
1
1
1
1
1
1
1
1
26
22
12
8
3
1
1
1
46
27
13
1
8
5
8
4
1
1
1
1
1
1
1
1
1
1
1
1
1
2
1
1
1
1
2
2
1
1
1
1
2
1
2
1
5
4
1
1
1
1
1
1
1
1
1
1
1
2
1
2
1
1
3
1
1
1
1
1
1
3
1
1
2
1
5
2
2
4
2
3
1
2
2
1
5
2
1
2
2
2
2
2
2
1
1
2
1
1
1
1
13
2
4
2
1
22
4
4
2
1
1
1
1
1
1
2
1
1
2
2
1
2
2
1
1
1
1
1
2
3
2
1
1
1
1
1
2
1
1
1
4
1
6
2
1
2
2
4
1
1
1
1
1
1
2
3
1
1
1
1
1
1
1
1
2
1
1
1
1
17
7
5
3
2
14
1
1
13
1
1
2
1
1
1
2
1
1
2
4
1
1
1
1
3
1
1
1
1
1
1
3
1
5
2
1
1
1
1
1
2
1
1
1
1
1
1
1
1
1
1
9
7
2
1
15
6
1
1
1
13
21
14
4
1
1
17
21
27
17
4
1
23
22
40
34
9
1
23
18
41
29
7
3
2
13
18
30
35
6
6
2
23
18
43
18
10
4
4
1
25
19
18
12
6
1
1
35
15
15
7
3
1
25
5
1
6
1
14
6
13
1
1
1
10
9
23
6
1
1
14
18
25
17
12
3
4
28
10
10
1
13
13
20
16
3
2
1
19
19
23
10
3
3
4
27
20
15
2
1
54
13
5
3
1
22
11
2
1
6
1
12
1
10
10
1
7
2
1
9
1
3
2
2
1
2
1
1
1
2
3
1
1
1
1
1
1
1
2
1
1
1
1
5
2
1
3
2
1
4
1
4
2
1
6
1
1
5
5
4
2
1
1
6
1
3
2
1
2
1
1
1
2
4
5
3
2
2
4
1
2
2
1
3
2
2
2
3
4
3
3
1
1
5
1
6
1
1
1
13
6
2
1
21
2
2
1
14
1
3
1
12
6
10
2
2
4
1
1
1
1
8
1
2
10
2
5
1
9
4
3
10
9
4
6
13
7
6
3
1
1
20
7
2
30
12
1
1
17
3
2
4
1
2
1
1
1
2
1
1
1
1
1
1
1
1
1
2
3
1
1
3
6
1
6
2
1
8
3
1
6
3
1
134
7
3
75
3
5
1
69
3
29
3
5
1
2
1
28
1
29
1
12
9
1
1
57
10
5
1
38
1
3
2
1
24
5
4
2
1
14
1
1
3
1
13
3
1
1
16
1
1
12
10
2
3
1
1
2
1
2
3
1
3
1
1
2
3
2
2
2
1
1
2
2
1
1
1
2
3
4
1
2
1
1
1
1
1
1
2
1
1
2
1
4
1
4
2
1
4
1
2
1
1
1
1
1
1
1
1
1
1
1
2
1
1
1
1
1
1
2
1
1
2
2
2
2
1
2
2
1
2
1
1
1
1
2
2
3
3
1
1
2
1
1
3
1
1
1
1
6
1
2
1
1
3
1
1
2
2
2
1
1
3
1
8
1
2
6
1
4
1
3
1
2
1
10
1
1
4
1
6
2
3
3
2
1
1
1
3
1
2
1
2
1
2
1
1
1
1
1
1
1
1
2
2
2
1
1
1
1
1
1
1
1
1
1
1
1
1
2
1
1
1
1
1
1
1
1
1
4
2
1
8
2
3
1
1
1
1
7
5
1
3
6
14
4
1
1
6
7
3
2
1
3
4
9
3
5
1
3
8
8
1
2
14
8
6
6
1
2
1
1
2
2
2
3
1
3
5
13
1
4
4
7
2
3
1
3
1
12
4
1
2
7
7
2
1
5
7
5
2
1
6
5
1
2
1
4
4
3
1
6
3
1
1
1
1
3
1
1
1
1
1
1
1
1
1
1
1
1
1
2
1
1
1
1
1
1
1
2
1
2
1
1
1
1
1
1
1
1
1
1
1
2
2
1
2
1
2
2
1
1
1
1
1
1
2
1
1
1
4
1
1
15
11
12
6
3
1
3
7
1
11
2
1
5
1
1
3
3
1
1
1
3
1
2
1
1
1
1
1
1
1
1
1
2
2
1
2
1
1
1
2
2
1
2
2
1
1
1
2
3
2
1
1
1
3
1
1
1
2
1
2
4
2
1
1
1
1
2
2
1
2
1
1
2
2
1
7
4
2
2
1
1
2
1
4
1
1
1
1
1
1
1
1
3
1
8
1
1
1
1
1
1
1
1
2
2
1
1
2
2
2
1
1
3
1
1
1
1
1
2
1
1
3
1
1
1
1
1
1
3
8
5
1
5
4
1
5
1
2
1
2
2
3
1
1
1
1
1
1
1
1
1
1
1
1
1
1
1
1
2
1
1
1
1
1
1
1
3
1
1
1
1
1
1
1
1
1
1
1
1
1
1
1
1
1
1
6
6
2
2
1
5
7
9
2
7
9
14
9
8
4
5
17
14
9
5
6
9
13
7
8
6
20
7
4
1
2
14
7
10
3
1
2
37
19
8
2
1
40
19
6
1
1
41
9
2
7
9
2
4
1
6
8
8
6
2
1
5
2
19
16
4
1
10
5
12
12
5
4
1
1
6
11
19
5
6
1
1
12
7
12
6
1
1
1
28
15
6
7
2
52
23
7
4
1
1
65
21
6
2
2
114
21
1
1
12
9
12
1
7
5
1
3
7
1
5
5
1
24
4
1
1
2
5
3
2
2
1
1
1
2
4
1
3
3
1
76
2
1
3
2
4
1
1
1
1
2
2
1
1
1
1
2
1
3
3
3
2
3
1
7
1
1
2
2
1
1
1
2
2
2
2
1
3
4
6
3
3
1
2
1
6
4
2
5
2
1
15
2
10
1
1
10
1
11
1
3
1
1
2
2
8
1
2
3
2
2
9
1
1
2
10
3
3
16
5
2
25
9
40
11
4
50
13
1
1
2
1
1
3
1
3
5
31
13
1
1
1
1
2
1
3
3
1
2
2
1
13
6
7
1
2
58
30
5
1
294
108
11
2
42
3
1
30
29
1
1
35
1
1
21
1
24
1
17
1
12
10
1
5
1
11
1
2
7
2
19
2
1
1
12
2
3
2
14
2
1
1
17
1
2
8
16
1
20
3
31
1
1
1
1
1
1
1
1
1
1
1
2
1
2
1
1
7
1
4
1
1
1
1
1
2
1
1
1
2
4
2
1
1
2
1
1
2
1
6
1
2
2
1
2
1
1
1
1
1
1
1
2
1
2
1
1
1
2
1
2
1
1
1
1
1
1
1
1
1
1
3
1
2
5
1
1
2
1
1
2
1
1
1
1
4
1
1
1
1
3
1
7
1
15
5
2
5
4
4
4
1
5
7
1
2
3
3
1
1
5
1
2
2
1
1
1
1
2
1
1
1
1
1
1
1
1
1
4
1
1
2
1
1
1
1
1
1
1
1
1
1
1
1
1
1
1
3
1
1
1
1
1
1
1
1
1
1
1
1
1
1
2
1
1
2
3
1
1
2
3
1
1
2
1
2
1
3
6
3
5
1
11
4
2
1
8
9
2
1
2
3
1
1
1
1
1
6
1
3
2
3
1
1
1
1
2
1
1
3
1
5
2
1
4
4
5
1
4
11
2
3
5
1
1
1
1
1
1
1
1
2
3
1
1
1
1
2
2
1
6
1
1
1
2
1
1
1
1
3
1
1
1
1
2
2
1
1
2
1
1
2
1
3
1
1
2
2
1
1
3
1
3
1
6
8
1
1
25
26
6
5
2
1
1
3
3
1
1
1
1
3
1
1
1
2
1
1
1
1
1
1
1
1
1
1
1
1
1
1
1
1
1
1
1
1
1
1
1
1
1
1
1
1
1
1
1
1
1
1
1
1
1
1
1
1
2
1
1
1
1
1
1
1
1
1
1
1
1
1
5
1
4
1
1
1
1
1
1
1
1
1
1
1
1
3
1
1
1
1
1
2
1
1
1
1
1
1
2
1
1
1
1
1
2
1
1
1
1
1
3
1
1
1
1
1
3
1
3
1
1
1
1
1
2
1
2
1
1
1
1
1
2
1
1
1
2
1
1
2
1
2
1
1
1
4
1
2
1
2
2
1
3
2
1
2
3
2
1
1
1
1
1
2
2
1
1
1
1
1
1
1
1
1
2
1
1
1
2
1
1
3
2
1
1
28
1
8
2
2
1
2
1
25
3
1
4
1
4
1
1
1
2
1
1
1
1
1
1
1
1
1
1
1
1
1
1
1
1
2
2
2
6
1
1
1
2
1
1
1
2
1
1
1
1
1
1
1
1
1
1
2
1
1
1
1
1
1
1
1
1
1
7
2
1
1
9
2
1
1
1
1
1
1
1
1
1
1
1
1
1
1
1
1
1
1
1
1
1
1
1
1
1
1
2
1
1
1
1
1
1
1
1
2
2
1
1
1
1
1
1
1
1
1
1
1
2
1
1
1
1
1
1
1
8
4
1
7
1
2
1
1
1
1
1
1
1
1
1
1
1
1
1
1
1
1
1
1
1
1
1
1
1
2
1
1
1
1
3
1
1
5
1
1
1
1
1
1
2
1
1
1
1
1
1
1
1
4
2
2
1
1
1
1
1
1
1
2
1
1
1
1
1
1
1
1
1
1
3
2
1
1
1
1
1
1
1
1
1
1
1
1
1
1
1
1
9
6
2
1
2
11
8
1
2
17
22
32
16
3
2
13
20
30
5
3
1
17
22
37
10
4
3
3
1
40
45
38
24
6
2
161
108
75
19
5
1
1
288
115
42
10
1
2
218
37
5
6
2
61
8
1
2
4
1
1
2
2
1
4
3
2
1
2
3
1
2
3
2
2
3
1
1
4
1
1
1
2
2
1
1
3
1
3
1
6
2
1
1
6
2
1
1
1
1
1
2
1
3
1
3
1
1
2
1
2
6
2
3
16
1
4
2
1
1
1
1
2
1
3
5
1
15
3
1
15
4
1
1
18
3
5
1
39
4
2
2
69
10
1
65
4
35
2
6
1
1
1
1
1
4
3
3
2
1
3
3
1
1
1
1
4
1
1
1
3
1
1
9
4
5
4
10
1
1
1
2
1
1
26
21
1
37
1
18
2
2
20
2
23
1
34
41
21
4
3
2
1
1
2
2
1
2
1
1
1
1
3
2
1
1
1
3
4
1
2
1
1
3
3
3
3
6
3
4
3
4
5
1
9
5
8
2
15
4
1
2
1
7
1
1
1
1
1
1
1
2
2
1
1
3
1
2
1
1
2
1
1
1
1
2
4
3
4
1
1
2
2
1
1
2
2
5
2
3
2
1
2
4
1
1
2
3
2
1
1
1
1
1
1
1
1
1
2
1
1
2
1
3
1
1
1
1
1
2
1
2
1
1
1
1
2
1
2
1
2
2
6
1
1
1
1
4
6
1
4
3
5
1
1
14
4
5
2
1
10
1
1
1
1
1
1
1
1
1
1
2
3
3
1
1
1
1
1
4
3
3
2
1
1
1
1
1
1
1
1
1
1
1
2
2
1
1
1
2
2
4
1
5
3
3
12
4
1
9
1
1
1
1
1
1
1
1
1
2
2
1
1
1
1
1
1
2
1
1
1
5
4
6
1
1
1
1
1
2
1
1
1
2
2
2
2
1
1
1
1
1
2
1
1
2
1
1
1
1
1
1
1
1
1
1
1
1
1
1
1
1
1
2
1
1
1
3
2
1
1
3
1
1
1
1
1
5
3
3
4
16
5
1
3
80
28
6
1
443
69
20
3
1
536
59
4
2
1
2
1
1
1
1
1
1
2
2
3
2
2
1
1
2
1
4
10
1
23
2
6
2
2
3
1
2
5
9
3
11
5
1
1
1
1
2
2
1
1
4
1
1
6
8
5
1
1
1
1
1
4
1
3
1
16
2
19
3
78
6
2
56
6
1
1
1
1
2
2
2
6
1
2
1
1
1
3
1
47
5
3
89
13
2
1
1
4
2
22
2
1
1
2
2
5
4
7
9
12
1
38
1
39
1
1
2
2
1
1
2
3
1
1
1
1
2
3
2
1
1
23
4
4
2
16
1
1
1
1
1
2
1
1
1
2
2
2
1
1
2
1
1
1
1
1
1
2
3
1
1
1
1
1
1
1
4
7
2
9
1
1
5
1
1
2
1
7
1
1
3
3
4
1
2
1
1
2
5
1
2
2
1
3
2
1
1
1
1
1
1
1
1
1
2
1
1
3
1
4
1
2
3
17
9
2
24
2
1
1
1
1
1
1
1
2
3
1
2
1
4
1
1
1
1
1
2
2
1
1
1
1
1
1
2
1
1
1
1
1
1
1
2
1
1
1
1
1
2
4
4
1
5
1
4
2
1
3
3
1
2
4
2
4
1
1
4
3
2
2
4
1
2
1
1
1
1
1
1
1
1
1
3
2
2
2
1
2
1
1
1
1
2
11
8
2
6
3
2
1
1
5
1
1
1
1
1
1
1
1
1
1
1
1
1
1
1
1
1
1
1
1
1
2
1
1
1
1
1
1
1
1
1
2
1
1
1
1
1
2
1
1
1
1
1
1
5
1
1
2
3
1
1
1
1
1
1
1
1
1
1
1
1
1
1
2
1
1
1
3
1
2
1
1
1
1
1
1
1
1
1
1
1
1
1
1
1
1
1
1
1
2
1
1
1
2
1
1
3
2
1
1
1
1
1
1
1
1
1
2
2
1
1
2
1
1
1
1
1
1
1
1
1
1
1
1
1
1
1
1
2
1
1
1
1
1
1
1
1
1
1
2
2
2
2
3
3
2
2
3
4
3
1
8
6
2
2
12
9
6
2
28
14
5
1
33
3
2
19
1
1
1
1
2
1
1
1
1
1
2
1
1
1
1
1
1
1
5
1
2
1
5
1
7
2
4
4
1
1
1
1
1
2
2
2
1
2
5
4
1
2
3
1
1
1
1
1
1
1
1
1
1
1
1
1
1
2
2
1
1
1
2
1
1
1
2
1
1
1
1
2
1
1
2
1
2
1
1
2
1
1
1
1
1
1
1
1
2
2
2
1
4
1
3
2
1
1
1
1
1
1
1
1
1
1
1
2
1
1
2
1
1
1
1
1
1
1
1
1
2
10
4
1
3
18
8
1
3
57
17
2
2
96
13
1
1
1
1
5
2
1
1
1
1
2
17
1
1
2
1
1
1
1
1
1
1
7
1
8
2
15
2
16
2
7
1
1
1
2
3
1
1
7
1
1
33
4
1
1
5
1
1
2
2
3
4
3
4
1
5
5
7
2
1
2
1
1
1
1
1
4
1
1
1
2
1
1
1
1
1
1
3
3
2
2
1
1
1
1
1
1
1
1
1
2
1
1
1
3
1
1
1
1
1
1
2
1
1
1
1
1
1
3
1
1
1
1
1
1
2
1
1
1
1
1
1
1
1
1
1
1
1
1
1
1
1
2
1
1
1
1
1
1
1
1
1
1
1
1
1
1
1
1
1
1
1
1
1
1
1
1
1
1
1
1
1
1
1
1
1
1
1
1
1
1
1
