12
10
4
2
17
11
26
12
2
1
20
16
25
27
10
3
1
1
9
15
45
18
9
3
1
12
20
25
25
9
2
33
19
55
17
4
4
43
33
24
15
3
59
29
10
6
1
32
5
1
10
1
20
9
6
12
8
12
6
3
2
13
12
27
10
4
2
7
8
27
9
7
1
12
15
32
11
3
22
21
27
13
3
42
19
7
4
1
34
12
9
1
20
2
1
3
8
2
5
1
6
2
4
3
1
1
3
1
1
1
1
2
3
2
1
1
1
1
1
1
3
1
1
2
1
1
4
1
4
1
1
5
1
2
2
1
2
1
1
3
2
2
3
1
3
2
2
1
2
1
4
2
4
2
9
2
1
1
5
2
11
2
3
14
4
1
13
3
19
6
7
3
3
2
3
3
7
3
4
7
4
13
3
8
1
8
7
2
2
10
7
5
14
4
1
7
1
2
1
1
1
1
3
3
1
1
1
1
4
2
1
1
4
5
3
1
70
5
3
50
1
1
61
3
1
1
36
1
1
2
16
1
1
23
1
1
13
2
1
2
2
2
48
8
3
15
5
20
5
2
2
13
1
2
1
9
2
1
8
3
1
1
4
1
5
1
1
1
1
1
1
1
1
1
2
1
1
1
1
2
1
1
2
1
1
1
3
3
1
1
2
1
1
1
2
1
2
1
2
3
3
1
4
2
1
1
1
1
1
1
1
1
1
1
1
2
1
2
1
2
1
1
1
1
1
1
1
1
3
3
1
1
1
1
1
1
1
3
4
4
1
2
2
2
1
1
3
1
1
6
1
1
3
1
1
3
1
1
1
2
1
1
1
1
1
1
1
1
1
1
1
1
1
1
1
1
1
1
2
1
1
1
2
1
1
2
2
1
10
7
4
2
2
5
5
2
3
5
9
2
2
5
5
3
2
5
5
3
2
3
4
7
2
2
2
4
3
1
1
2
1
5
3
1
1
4
4
4
4
6
1
1
6
2
8
5
2
1
8
3
3
4
5
3
1
1
1
1
1
1
2
1
1
1
1
1
1
1
1
1
1
2
1
2
2
1
1
1
1
1
1
1
1
1
1
1
1
1
1
1
1
1
10
1
5
2
5
5
1
4
2
1
12
1
4
2
1
3
1
1
1
1
1
1
1
1
1
1
1
1
1
2
1
1
1
2
3
1
1
2
1
1
1
3
1
2
1
2
2
1
1
1
1
2
1
1
1
1
1
2
1
1
2
1
1
2
1
1
1
1
1
1
1
1
1
1
1
3
2
3
1
2
1
1
1
1
1
1
1
1
1
1
10
4
4
2
1
1
1
1
4
1
1
2
1
2
1
2
1
1
1
1
1
1
1
1
4
1
2
1
1
1
1
1
1
1
1
1
1
1
1
1
1
1
1
1
1
1
1
1
1
4
3
5
1
5
3
1
3
8
3
4
1
9
4
2
1
4
5
2
1
3
6
2
1
1
2
5
2
3
1
1
9
4
3
1
1
71
13
8
1
1
91
10
2
5
9
12
3
1
4
8
9
7
7
1
3
7
16
11
8
1
2
4
14
22
7
1
1
4
7
14
5
4
1
7
10
13
5
6
2
19
12
6
2
44
8
5
2
1
1
70
10
1
58
5
2
1
4
1
2
4
2
1
2
2
1
3
1
6
5
1
2
1
1
1
1
1
2
1
1
1
3
2
1
16
1
1
1
3
1
1
2
1
3
1
1
3
1
1
1
2
1
1
1
1
1
1
1
1
1
1
2
1
1
1
3
3
1
17
1
5
1
1
1
1
2
2
2
1
3
2
2
4
1
1
3
1
8
11
4
11
4
1
1
1
2
8
4
22
9
1
1
1
1
2
3
2
4
1
34
10
4
93
29
3
24
8
1
5
1
4
7
2
1
11
5
6
10
2
4
18
3
3
5
1
2
2
5
3
2
4
3
1
9
1
1
9
1
1
1
1
2
3
2
1
1
1
1
1
1
1
1
1
3
2
3
5
1
3
2
1
2
1
1
1
1
1
1
1
1
1
1
1
1
1
2
1
1
2
1
1
1
2
2
1
1
1
1
1
1
1
1
1
3
4
1
7
1
1
1
5
1
1
1
1
2
2
1
1
1
1
2
1
1
3
1
1
1
1
1
1
1
1
1
1
2
1
1
1
2
1
1
1
1
1
2
1
1
1
4
1
1
1
3
2
1
1
6
2
3
1
2
2
1
1
6
2
1
2
1
3
1
1
1
2
4
3
2
2
1
1
1
1
1
6
6
2
9
2
3
4
1
1
1
1
1
2
1
1
1
1
1
1
1
1
1
1
1
1
2
1
1
2
1
1
3
3
1
1
1
1
1
1
1
1
1
8
1
2
4
1
1
2
1
1
1
2
2
1
2
1
1
1
1
1
1
1
1
1
1
1
2
1
1
1
1
1
1
1
1
4
1
1
1
1
1
1
1
1
1
1
1
1
1
1
1
1
1
1
2
1
2
1
1
1
1
1
1
2
2
1
1
1
1
1
1
2
1
2
1
1
1
2
2
3
3
2
1
3
1
1
1
1
3
1
1
2
1
1
2
1
1
1
3
2
1
1
1
1
1
1
1
1
2
1
1
1
2
1
1
1
3
1
1
32
1
3
5
1
1
1
20
5
1
1
1
2
1
1
1
1
1
1
1
1
1
1
4
1
1
1
1
1
1
1
2
2
1
2
1
1
1
13
1
1
2
4
1
1
1
1
1
1
1
1
1
1
1
1
1
1
1
1
1
1
1
1
4
1
1
1
1
5
1
1
1
2
1
2
1
1
1
1
1
1
1
1
10
3
1
1
8
2
1
1
1
1
1
1
1
2
1
1
1
1
1
2
1
8
2
1
1
1
2
1
1
4
1
1
2
1
1
2
1
2
1
2
2
1
1
1
1
1
1
3
1
3
1
7
4
1
2
1
1
1
1
1
1
1
1
1
1
1
1
1
4
1
1
1
1
1
1
1
1
1
1
1
1
1
2
1
1
1
1
3
1
3
