289
268
167
53
15
2
1
1
372
314
379
158
24
11
2
1
463
503
720
376
127
39
6
4
2
324
393
756
417
159
39
16
3
2
3
341
403
796
441
156
52
24
5
1
1
519
556
852
373
134
40
12
7
5
2
828
603
547
232
52
25
11
2
1
1365
604
276
86
36
8
5
1
833
174
70
9
5
239
30
6
2
275
199
125
53
10
4
348
277
270
116
25
8
1
1
366
338
516
240
103
23
6
2
1
235
272
580
297
94
24
6
3
1
2
304
307
602
275
78
15
7
2
1
2
525
503
541
207
54
15
11
3
835
428
256
72
23
9
2
1
1
1080
283
86
19
6
4
2
383
77
15
2
1
1
76
8
182
8
5
2
1
113
9
5
1
2
131
11
3
1
1
94
12
5
4
1
47
5
3
2
2
1
56
14
2
1
2
1
55
9
5
3
52
12
3
2
1
16
9
2
1
1
7
2
1
40
10
10
5
48
10
7
3
2
1
28
7
8
7
1
1
1
1
21
5
7
3
1
22
12
8
6
18
12
6
6
1
25
14
3
20
8
11
3
1
1
1
1
30
1
3
51
5
3
1
63
8
9
1
1
58
10
13
3
1
59
12
11
3
1
61
16
12
1
1
39
10
3
1
43
10
1
26
4
1
4
21
19
7
8
2
23
17
10
9
5
1
2
30
24
29
15
10
4
1
32
19
28
13
13
2
40
21
21
14
4
2
1
31
32
23
12
3
1
36
20
16
4
2
26
20
6
3
2
7
6
1
1
48
4
2
1
78
13
11
6
184
21
16
4
2
204
47
34
4
4
1
1
285
65
39
14
4
1
1
352
83
29
10
2
341
64
20
7
1
375
48
5
2
1
146
13
4
26
3
45
22
10
2
65
37
26
7
2
1
138
85
70
23
7
3
127
99
78
48
10
1
1
1
170
118
98
34
5
308
198
122
25
6
407
164
36
13
3
1
454
145
32
7
222
45
7
2
30
6
2
3
1
3
6
1
1
3
2
1
1
7
2
1
1
8
4
7
2
1
20
6
1
3
34
14
8
4
39
10
1
1
36
7
2
1
2
1
1
7
2
3
1
1
8
7
9
6
2
14
5
12
3
1
30
19
12
8
57
32
18
4
4
103
44
16
8
1
156
53
6
1
88
22
1
2030
58
24
6
3
1180
45
33
16
3
1078
36
29
16
2
3
1
1
1
619
23
20
9
4
1
526
25
12
8
2
1
450
17
6
6
2
270
8
3
1
197
2
3
57
2
2
22
1103
129
43
5
2
2
614
64
35
16
4
527
64
41
20
3
4
362
60
22
10
5
1
1
1
265
38
27
12
4
1
285
34
13
9
1
2
1
206
17
10
1
1
1
148
16
1
55
4
2
14
2
11
6
14
3
7
13
19
11
4
1
17
23
34
23
8
1
17
28
39
19
2
4
1
11
27
35
19
5
1
29
18
34
9
3
1
2
35
26
15
12
5
62
30
17
3
1
31
11
5
6
1
1
6
12
8
2
11
15
16
3
3
4
1
17
28
30
17
4
3
1
3
25
33
12
6
2
1
20
19
34
13
3
4
1
27
37
24
11
4
32
28
17
5
2
1
35
22
6
1
1
20
3
2
1
9
1
3
1
5
1
3
1
1
3
3
1
1
1
1
3
2
3
4
2
8
1
1
1
2
2
2
1
2
3
1
1
1
2
3
3
2
1
3
1
1
3
1
4
1
1
3
2
1
1
2
6
13
2
1
6
1
9
1
2
8
1
4
1
2
2
1
2
3
1
3
3
3
4
6
1
2
1
2
5
6
1
1
3
5
1
11
2
6
2
7
6
3
5
4
1
3
1
5
7
1
3
18
4
1
1
1
18
3
1
23
3
2
1
21
8
1
2
31
3
1
1
22
2
2
1
5
1
4
2
1
2
1
2
1
4
1
1
1
13
6
7
4
3
10
10
18
7
1
1
21
19
7
5
1
31
20
12
4
1
32
21
13
2
1
35
16
4
1
15
5
2
1
5
1
1
1
1
1
1
1
1
1
1
1
4
2
1
1
2
1
1
2
1
2
5
5
1
2
6
2
1
6
12
2
12
7
2
1
5
3
118
7
89
6
1
2
74
8
2
1
40
1
1
1
1
41
4
1
32
22
1
11
1
4
76
34
16
6
64
24
16
6
3
47
12
13
9
2
2
48
22
11
5
1
2
1
27
15
5
3
1
1
31
7
4
1
18
8
3
1
1
7
1
2
4
3
2
2
1
7
3
5
1
1
5
6
10
6
4
1
1
6
8
9
3
1
5
7
9
6
2
1
1
11
5
10
4
1
1
2
9
8
4
3
1
13
3
3
2
3
1
1
1
5
4
1
5
5
1
3
5
8
3
2
1
5
8
5
2
1
4
6
6
5
2
7
6
5
2
2
1
13
6
1
3
1
6
4
2
2
2
2
5
3
1
1
1
1
2
1
1
1
1
1
1
1
2
1
1
1
3
4
1
1
1
1
1
1
2
1
1
2
3
1
1
1
1
2
1
1
2
1
1
2
2
2
1
1
6
3
7
3
3
1
3
1
1
2
1
2
1
1
1
5
2
3
1
2
1
1
6
2
3
1
3
3
2
6
5
2
8
1
1
1
1
1
1
1
1
1
1
1
1
1
34
2
1
19
14
1
12
1
8
1
5
1
1
2
1
23
4
1
8
1
2
1
5
1
2
1
5
3
2
7
3
6
1
1
2
1
2
1
17
21
9
1
87
44
16
10
1
1
1
101
120
92
19
11
1
38
101
158
33
13
3
2
1
1
39
77
171
58
8
2
5
1
54
109
173
87
19
7
4
1
77
86
113
59
9
5
110
115
71
20
12
1
74
57
18
9
4
1
16
5
3
39
17
7
7
1
94
56
29
14
1
1
1
82
98
118
26
9
1
1
1
52
66
126
47
15
3
45
59
143
59
17
3
2
1
74
117
152
72
22
2
4
1
88
92
78
27
6
1
1
98
74
49
15
2
1
2
46
21
10
4
2
2
1
15
1
19
33
2
1
21
2
1
17
2
13
2
15
1
3
14
6
1
1
7
5
3
2
1
8
14
1
1
10
2
1
8
2
3
1
9
3
7
1
11
2
3
4
1
1
8
8
1
1
1
5
2
1
1
2
1
2
2
3
4
3
1
4
1
4
1
6
1
5
2
1
2
2
3
1
1
6
4
2
1
3
1
3
3
3
2
3
1
7
3
5
1
6
1
1
4
2
1
1
1
1
1
1
7
19
4
1
1
15
1
1
15
5
3
1
20
4
8
25
2
3
1
1
20
5
4
1
3
1
1
2
1
10
2
2
1
11
8
2
2
21
11
4
13
8
12
2
2
29
20
12
4
2
20
10
8
2
21
10
5
1
8
6
3
1
1
1
1
2
1
1
1
1
1
2
2
1
2
1
1
1
2
1
2
4
8
3
7
1
12
9
6
17
11
4
2
4
2
3
280
4
1
228
1
2
157
3
2
1
1
58
4
2
49
1
28
1
1
27
1
22
3
2
2
169
4
2
134
5
3
1
86
6
6
1
43
3
3
37
4
1
36
3
18
4
2
1
32
1
7
1
1
1
1
2
1
1
2
3
3
1
1
1
3
1
2
2
2
2
3
1
2
1
1
1
1
1
1
1
1
2
2
1
1
2
1
1
1
1
3
2
2
1
1
1
1
1
1
1
1
1
1
1
1
2
1
1
1
1
5
2
2
1
2
2
4
1
3
2
6
1
1
12
16
11
4
2
9
14
16
12
4
1
19
11
27
13
10
2
1
1
6
11
18
13
7
6
4
8
8
21
14
4
8
20
16
29
13
5
3
3
31
15
16
8
1
3
1
40
16
14
1
2
1
1
1
1
26
7
5
2
1
7
3
2
24
28
38
9
2
2
10
16
18
15
6
3
14
13
42
35
15
6
1
11
20
32
24
12
5
1
1
1
17
10
18
17
12
3
4
19
21
17
13
2
1
1
25
20
12
9
2
2
27
6
7
2
1
11
3
1
1
23
13
1
17
1
2
18
1
14
2
1
10
8
2
2
2
5
2
1
6
1
1
9
10
4
2
1
1
10
3
1
5
1
3
1
7
1
1
4
2
1
4
3
9
1
1
8
1
5
32
1
6
5
2
2
6
1
6
1
3
1
5
3
6
1
1
1
7
4
4
1
2
3
2
2
1
3
3
2
1
5
1
2
2
3
3
2
2
1
1
4
4
1
2
1
2
4
4
4
1
4
1
6
2
17
1
1
19
3
5
24
9
1
1
1
24
5
1
27
2
30
3
2
3
2
2
9
1
1
1
6
3
1
2
1
15
1
2
1
1
10
5
6
3
2
1
4
9
3
2
19
9
3
3
20
4
2
16
6
12
3
1
1
1
1
1
1
2
1
1
2
1
1
1
2
2
1
1
2
1
1
1
1
1
1
1
1
2
1
4
1
8
5
2
1
9
3
13
1
181
2
2
83
1
1
84
2
1
2
42
2
2
1
45
1
38
14
1
12
1
4
1
108
21
8
2
1
1
52
7
3
37
9
7
2
1
30
4
1
1
2
22
2
4
10
1
4
3
1
1
11
2
1
8
3
1
3
1
4
3
2
2
2
1
1
2
3
3
3
1
2
1
2
4
1
1
1
1
3
2
4
2
2
2
1
1
2
1
1
2
2
1
1
2
1
3
1
1
3
2
2
1
1
2
1
1
1
2
2
3
1
1
1
1
3
1
3
1
1
1
3
1
1
1
2
1
1
2
1
1
1
3
2
1
2
1
1
2
1
2
1
1
2
1
2
1
3
1
1
1
7
3
3
3
1
1
1
2
1
1
1
1
2
1
1
2
1
2
2
2
1
2
1
4
1
1
1
1
1
1
1
1
1
2
2
1
25
11
2
12
3
16
1
4
1
1
1
1
6
3
1
4
1
1
10
9
5
2
3
1
5
3
5
5
2
1
4
2
4
3
3
2
1
6
2
3
1
1
3
1
2
2
1
1
1
1
1
1
1
2
1
1
1
1
1
2
2
1
1
1
1
1
1
1
1
1
1
1
1
1
1
1
1
2
2
1
1
1
1
2
1
1
1
4
1
4
6
1
1
1
2
1
1
3
2
1
1
2
1
2
1
1
2
1
2
1
1
1
1
2
2
2
1
3
1
4
2
5
2
3
9
5
7
6
4
2
2
7
3
1
6
4
1
1
1
1
7
5
2
1
3
4
4
1
1
5
3
1
5
1
1
2
3
3
1
1
1
3
6
2
2
5
6
2
2
1
1
1
1
1
3
1
3
2
1
1
1
1
1
1
1
1
1
1
1
1
1
1
1
1
2
2
1
1
1
1
1
1
1
1
1
1
3
2
1
1
2
1
2
4
1
1
1
3
1
1
1
3
1
2
1
1
1
1
20
1
1
14
4
1
1
8
2
2
13
1
1
9
1
1
5
1
2
1
1
1
5
1
1
1
1
1
2
1
34
44
32
17
7
1
1
43
51
78
31
13
3
43
74
117
83
37
10
4
2
1
41
44
108
76
41
6
7
1
39
40
93
59
30
8
6
3
87
49
104
58
37
9
2
4
107
101
60
41
23
7
2
1
407
141
68
44
19
6
3
1553
319
84
34
13
1
3
1692
259
53
6
4
1
118
232
211
69
20
3
1
1
1
89
172
266
174
54
17
4
2
2
69
176
411
312
106
37
20
7
3
1
61
119
315
247
103
28
13
9
2
92
153
292
207
76
29
15
5
4
3
161
184
276
123
61
26
8
3
2
377
193
146
62
24
8
2
2
2
899
264
104
35
12
5
3
2
1
1729
313
61
23
7
4
1
1367
191
18
5
103
4
3
68
3
1
84
5
1
2
82
1
61
2
2
1
1
54
7
3
1
1
31
2
1
1
31
9
9
1
55
30
9
5
1
112
26
6
1
53
19
5
5
30
4
6
7
1
1
42
8
4
3
4
24
2
7
3
1
24
4
4
1
2
1
1
24
3
1
2
1
15
8
4
3
22
12
5
1
2
54
23
7
2
2
193
22
3
20
1
1
18
17
3
1
1
19
3
3
2
15
2
3
2
1
23
3
2
3
20
6
3
20
6
1
34
8
2
29
7
21
6
9
4
17
7
5
9
1
1
24
4
17
7
6
1
2
15
11
11
7
3
4
3
17
10
12
6
2
12
12
7
7
4
2
2
1
13
9
8
5
2
24
16
11
4
1
37
34
2
2
22
8
1
15
1
1
23
1
1
32
2
3
1
1
63
9
3
2
1
55
7
5
1
1
90
5
5
4
1
102
19
2
2
185
18
4
303
26
4
1
185
24
1
15
8
4
1
27
7
6
1
1
50
14
11
11
5
2
36
20
17
7
3
2
1
1
55
18
26
6
3
93
31
18
7
1
101
36
12
2
1
202
50
9
5
1
1
370
89
15
3
330
57
8
1
5
4
3
1
11
11
1
2
8
2
11
1
3
1
1
29
6
2
144
34
8
1
476
106
8
2
4
2
1
4
1
1
4
2
1
2
1
4
4
4
1
1
6
5
1
2
1
16
6
5
9
2
1
33
17
11
4
1
1
101
66
22
9
4
1
611
229
30
11
2
1
2117
590
39
10
2
388
10
4
2
1
219
8
11
6
1
223
7
6
4
1
1
155
8
7
3
2
133
5
4
2
1
146
4
2
1
1
82
4
1
112
2
1
122
5
138
6
331
52
30
9
5
1
168
17
17
11
6
4
1
151
24
17
19
5
1
1
87
18
13
6
6
1
1
77
9
8
7
4
2
1
62
12
6
2
2
2
1
67
12
4
2
1
81
11
3
1
1
117
20
3
177
5
1
1
2
1
1
2
1
5
3
8
5
3
3
4
5
6
2
1
3
4
4
4
2
1
6
4
9
1
1
8
7
3
1
29
14
3
2
2
1
67
22
8
3
1
76
19
3
2
3
4
6
2
2
2
3
9
3
4
1
4
7
13
7
3
1
2
9
5
3
1
4
3
9
7
2
13
8
9
1
1
12
8
6
38
19
4
56
20
2
2
43
9
1
21
18
33
27
21
1
20
1
1
13
1
7
1
5
3
9
5
1
2
2
6
1
2
4
1
1
2
1
7
1
6
1
1
1
1
2
3
3
3
8
3
1
5
1
8
9
2
1
10
1
5
2
5
2
1
8
3
7
1
1
1
1
2
2
1
1
1
1
1
4
2
3
1
2
1
5
4
2
5
2
1
13
2
11
7
1
2
2
3
1
2
1
6
1
4
10
17
1
2
1
17
1
24
4
34
3
1
17
1
2
3
1
1
7
3
3
1
5
3
1
1
1
7
2
2
3
1
16
3
2
1
20
6
3
1
31
18
1
1
44
18
2
23
11
1
1
2
3
3
1
3
1
8
2
14
5
1
30
8
2
1
1
1
1
2
3
2
2
5
4
2
3
1
17
7
1
67
24
10
3
1
1
110
58
6
3
52
1
36
2
1
35
2
1
27
2
1
31
1
35
1
10
1
14
1
21
8
32
20
6
6
1
22
2
2
6
2
1
20
8
5
5
1
1
11
9
3
2
1
1
22
5
2
2
2
21
5
1
2
1
14
5
1
1
7
3
1
8
1
8
2
1
1
2
2
1
1
3
1
2
1
1
1
1
2
2
1
1
1
2
2
1
1
1
2
4
1
1
5
2
10
4
3
2
8
1
3
1
1
2
5
2
3
1
6
3
2
1
2
4
5
1
2
3
1
1
4
3
1
2
1
2
4
2
1
1
8
6
1
1
1
10
2
2
1
4
1
3
1
3
1
1
3
3
1
2
1
2
1
1
1
1
1
1
1
3
1
1
1
1
1
1
1
1
1
1
1
1
1
1
1
1
4
3
1
1
1
1
1
1
1
2
1
1
1
3
3
3
1
1
1
1
1
4
1
2
1
1
1
1
1
1
4
2
2
1
3
3
1
2
2
1
1
1
2
3
1
2
1
1
1
1
1
1
7
5
2
14
6
2
1
7
5
4
1
1
2
2
4
2
3
2
1
11
4
1
1
2
1
1
1
1
3
1
1
1
1
2
1
1
2
1
1
2
3
6
2
1
8
5
4
5
1
15
13
12
4
1
1
5
12
23
10
2
7
9
19
12
2
3
11
10
25
13
7
3
2
1
9
14
17
10
8
2
1
26
33
32
5
4
2
1
151
110
49
14
5
2
117
64
15
9
3
3
1
1
24
27
13
4
2
39
39
36
11
1
2
1
26
52
81
25
4
2
1
5
21
28
73
28
13
6
2
2
1
15
30
59
32
13
1
2
1
1
1
24
48
64
31
9
2
1
41
32
48
17
7
5
1
1
1
105
74
40
14
5
2
156
104
32
4
4
82
59
9
1
8
1
5
1
5
2
1
1
7
1
1
6
2
3
10
1
8
17
4
1
18
12
2
1
2
4
2
5
1
4
1
3
1
3
2
2
3
5
2
3
3
4
1
7
12
2
1
15
17
3
4
13
15
2
5
1
1
1
1
1
2
5
3
1
6
1
1
1
3
1
2
1
1
1
1
1
2
2
1
1
2
1
1
1
2
1
1
1
3
3
1
3
1
2
2
8
2
1
1
4
1
4
1
5
1
3
6
5
1
9
1
13
1
7
3
5
1
1
1
1
3
1
4
1
4
4
2
4
6
2
1
3
4
2
12
10
3
2
17
11
9
5
1
1
1
2
1
1
5
9
3
31
25
4
1
1
3
1
1
1
1
1
1
1
1
1
3
2
3
1
6
2
3
18
8
3
1
1
66
101
18
3
4
125
139
26
5
64
2
36
24
2
14
1
12
12
1
11
5
1
16
4
2
47
5
3
1
31
3
1
25
1
2
2
18
1
10
1
1
18
3
5
1
1
14
1
1
18
12
3
1
1
1
1
1
2
3
2
1
2
1
1
3
1
2
1
1
1
1
1
1
3
1
1
1
1
1
1
1
1
1
1
1
1
1
2
1
1
2
5
2
1
1
1
1
2
1
1
1
2
2
1
1
1
1
2
1
1
1
1
1
1
1
1
1
1
1
1
1
1
2
1
1
2
2
1
1
1
1
1
1
1
1
1
1
1
1
1
1
1
1
1
14
5
5
4
1
5
2
1
2
2
1
1
1
1
1
1
1
1
1
1
1
1
1
1
1
1
1
1
1
1
1
1
1
1
1
1
1
2
1
1
1
1
1
1
1
2
1
2
1
2
1
3
2
2
1
2
3
2
3
2
1
4
2
2
1
1
1
1
2
1
1
1
1
1
2
1
1
1
1
2
3
1
1
1
1
1
1
1
1
1
7
3
1
1
1
4
1
1
2
1
1
1
1
1
1
1
1
1
1
1
1
1
1
1
1
1
1
1
1
1
1
1
5
2
3
3
3
4
3
2
2
5
8
4
1
2
2
1
7
5
3
1
1
2
4
6
1
2
3
3
1
4
1
1
1
5
3
2
1
2
2
2
1
1
3
2
2
1
2
1
3
1
1
2
7
6
1
1
1
3
1
1
2
1
2
2
3
3
1
1
1
1
7
1
4
3
2
2
2
4
1
1
1
1
2
1
1
3
1
1
1
1
3
1
2
1
1
1
1
1
1
1
1
1
1
2
1
1
3
1
1
1
2
1
1
1
1
1
54
1
14
1
11
1
3
1
1
2
3
26
1
5
2
1
2
4
1
1
2
1
1
2
2
1
1
1
1
1
1
1
1
1
1
1
1
1
1
1
1
4
2
1
1
2
1
1
1
1
1
1
1
1
1
1
1
1
1
1
1
1
1
1
1
1
1
1
1
1
1
1
1
1
1
1
1
1
1
1
1
1
1
6
4
3
3
2
1
1
1
1
1
1
1
1
1
1
1
2
2
1
1
1
1
1
1
1
1
1
1
1
1
1
1
1
7
3
1
4
3
1
4
1
1
1
1
1
1
1
1
4
1
1
1
2
1
1
1
1
3
1
2
1
5
3
1
1
4
1
1
1
2
2
1
2
1
1
2
1
1
2
1
4
1
8
3
6
3
1
2
5
3
2
1
1
1
3
8
9
5
1
6
5
1
1
1
2
1
2
3
3
4
2
1
1
2
2
2
3
1
5
1
3
12
1
4
7
4
1
3
1
1
1
7
2
1
1
1
1
2
3
1
1
1
1
1
1
1
1
2
1
1
1
1
1
1
1
1
1
2
1
1
2
1
1
1
1
1
2
1
2
1
1
1
1
5
1
1
1
5
1
35
7
6
2
2
1
2
3
1
29
4
1
9
1
1
4
1
2
1
1
1
1
1
1
1
1
1
1
1
1
2
2
1
1
1
1
1
1
1
1
2
1
1
1
1
1
1
1
1
4
1
2
1
1
4
1
1
1
1
1
1
1
1
1
1
1
1
1
1
1
1
1
1
1
1
4
2
1
1
1
1
2
1
1
1
2
1
1
1
1
1
1
1
1
1
5
1
3
1
3
1
1
1
2
2
1
1
1
2
52
28
11
2
38
15
25
11
1
25
31
34
19
5
1
12
10
14
16
4
16
20
25
16
3
1
23
16
24
9
5
1
17
11
13
2
1
16
8
3
3
1
7
3
67
40
8
3
40
29
16
6
2
31
13
31
22
8
2
16
15
30
20
5
2
9
11
29
20
5
1
16
23
29
6
4
2
1
25
15
8
6
19
7
3
2
6
3
22
1
6
1
9
1
3
1
2
2
1
1
1
11
5
4
1
3
1
1
1
1
2
2
1
4
1
1
1
1
1
3
1
4
2
4
4
2
4
3
4
2
1
3
1
1
4
1
1
6
2
1
2
2
2
4
1
1
1
3
11
2
1
5
2
22
1
2
8
1
2
1
13
1
14
3
1
9
1
5
1
2
12
2
3
8
7
4
3
12
8
10
1
21
9
4
1
12
9
7
1
22
16
8
6
20
7
2
10
8
1
4
1
1
2
1
1
2
1
1
1
1
1
1
2
1
1
1
2
1
3
1
1
1
578
2
4
1
124
2
2
69
1
35
2
21
2
21
1
1
11
5
1
1
626
35
7
86
5
6
2
1
50
8
4
35
6
1
1
13
3
2
13
2
7
2
1
2
2
3
2
1
2
1
6
2
2
5
5
1
4
1
1
2
4
3
2
1
3
2
1
3
1
1
4
1
6
1
5
2
8
4
1
2
1
2
2
1
1
5
5
1
2
3
3
1
1
2
1
1
2
1
1
2
2
1
1
1
4
1
1
1
1
1
1
2
1
2
1
1
1
1
1
2
1
1
4
1
2
1
1
1
2
1
1
1
2
1
1
4
1
1
1
3
1
1
2
3
1
1
1
4
2
1
6
1
3
2
1
1
1
1
1
1
40
7
1
14
7
1
4
2
3
1
1
2
70
8
4
1
1
11
5
3
7
6
1
1
12
1
1
1
1
4
2
1
1
2
1
1
2
1
1
1
1
1
1
1
1
1
1
1
1
1
1
2
1
1
1
1
1
1
1
1
1
1
1
1
1
1
9
1
2
2
1
1
4
1
1
1
1
1
1
7
2
1
8
4
3
1
1
1
4
3
2
2
1
1
2
6
1
4
3
6
2
1
1
10
2
1
2
3
5
1
1
8
5
1
1
3
1
13
5
2
6
4
2
1
4
3
8
3
3
13
2
1
6
4
3
1
1
5
7
1
1
3
4
5
2
1
1
1
1
7
5
1
2
2
1
1
4
1
2
1
1
1
1
1
1
1
1
2
1
1
1
1
1
1
2
1
3
1
1
1
1
2
1
1
2
3
1
2
3
1
2
1
2
1
1
1
1
169
34
1
14
1
6
1
3
2
1
1
145
5
34
1
12
4
1
3
1
2
1
1
1
1
1
1
1
2
1
3
1
1
2
1
1
4
1
1
1
2
1
1
1
1
1
3
1
1
1
3
4
4
2
3
1
1
1
1
1
1
1
1
1
1
3
1
1
1
1
1
8
3
1
2
2
1
7
1
1
1
1
1
1
1
1
1
1
1
1
2
1
2
1
1
1
1
1
1
1
1
1
1
1
2
1
2
1
1
1
1
1
53
1
10
1
6
1
3
1
2
2
37
3
1
1
7
2
2
3
1
1
1
1
1
1
3
1
1
1
1
1
1
1
1
1
1
1
1
1
1
1
1
1
9
1
1
1
1
6
1
1
1
1
1
1
1
1
1
1
1
1
1
3
1
1
1
1
2
2
1
1
1
1
1
1
11
2
1
12
1
1
1
7
7
1
5
7
1
1
2
2
8
2
2
2
6
1
1
2
3
5
6
1
1
2
6
2
5
1
2
1
5
1
8
4
4
24
25
16
3
2
1
9
17
22
10
2
1
9
12
16
15
6
2
4
6
19
7
3
1
1
2
8
16
5
1
1
4
7
11
4
2
1
11
6
3
2
1
13
1
2
1
10
1
10
10
3
3
5
6
2
1
7
2
1
1
1
1
1
3
1
3
1
1
1
1
2
1
1
2
1
1
1
1
1
2
3
3
2
2
1
2
1
1
1
2
1
4
2
1
1
2
2
1
2
3
2
1
1
1
2
2
3
2
1
7
1
1
2
2
1
2
3
4
3
2
1
1
1
4
3
1
1
11
1
3
1
3
6
1
1
1
3
1
3
1
1
1
2
1
3
2
1
1
1
1
1
3
7
2
258
1
1
37
3
15
2
1
4
1
9
4
1
1
2
1
1
230
14
4
1
1
33
3
17
1
1
1
1
8
1
3
1
6
2
1
4
1
1
1
1
2
1
2
1
1
2
1
1
1
1
1
1
1
1
1
2
1
1
3
2
1
1
1
4
1
1
2
3
2
3
1
3
3
1
1
1
1
1
1
1
1
1
1
1
1
1
1
1
1
1
1
1
1
1
1
1
1
4
2
1
1
19
11
5
1
2
1
1
20
6
1
1
4
2
1
2
2
1
2
1
2
1
1
1
1
1
1
1
1
1
1
1
1
1
1
1
1
2
1
1
1
1
1
1
1
4
1
1
1
1
1
1
3
1
3
1
1
2
2
2
1
2
1
1
2
3
1
5
2
1
12
3
3
1
4
6
7
1
1
2
6
1
2
1
1
1
4
4
4
3
1
1
2
6
1
1
2
1
1
1
1
6
2
1
1
1
2
3
1
1
2
1
1
1
1
1
1
1
1
1
1
1
1
1
2
1
1
1
1
1
1
1
1
130
23
1
4
1
2
1
124
1
27
14
2
4
1
1
1
1
1
1
1
2
14
4
1
37
12
7
1
18
15
8
4
1
7
6
6
2
1
11
8
13
4
4
2
7
7
18
4
3
9
7
7
3
10
2
4
1
3
2
15
4
2
1
31
4
6
2
25
13
8
7
4
7
12
9
3
9
15
4
2
10
7
15
4
2
14
11
5
1
12
3
1
1
4
1
1
4
2
1
1
1
1
2
2
1
1
2
1
2
1
1
1
2
1
1
1
1
1
2
2
1
1
1
1
6
5
3
2
1
6
7
1
5
1
1
5
8
1
1
4
1
2
1
1
7
3
5
2
8
4
4
12
3
2
3
1
1
1
1
2
1
1
1
1
1
1
3
1
3
1
59
60
41
1
14
13
6
8
2
106
1
72
1
1
39
2
1
11
1
10
7
1
5
1
1
1
1
1
1
1
1
1
3
1
1
1
1
1
1
1
1
1
2
1
1
1
1
1
2
1
1
1
2
1
2
1
1
1
1
1
1
1
2
1
1
1
1
1
1
2
1
2
1
1
2
1
3
1
3
1
1
1
3
7
5
2
2
3
2
1
1
1
2
1
1
1
2
1
1
1
3
7
3
1
6
7
5
4
6
1
1
3
4
1
2
1
5
2
2
3
1
3
1
1
2
1
1
1
1
1
9
1
1
2
1
3
1
1
4
3
2
1
1
4
1
2
2
3
3
2
2
2
1
1
1
3
1
1
1
2
1
1
1
1
1
1
1
1
1
1
1
2
1
1
1
1
1
1
33
21
1
13
2
2
2
27
18
10
1
1
2
1
1
1
1
1
1
1
1
1
1
1
1
1
1
1
1
1
1
1
1
1
1
1
1
1
1
1
2
2
1
5
1
1
1
1
1
1
1
1
1
1
1
1
1
2
1
1
2
2
2
1
6
3
1
1
1
2
1
1
2
1
1
1
7
2
4
1
6
1
6
6
2
3
3
4
1
4
3
2
1
2
5
6
4
2
2
1
3
2
2
4
2
1
1
1
1
1
1
3
1
3
2
1
1
2
2
1
1
2
1
2
3
1
1
1
1
1
1
2
1
1
3
4
2
1
2
1
2
3
28
10
7
5
4
1
2
44
15
1
3
2
3
2
1
1
2
2
1
2
1
1
1
1
1
1
2
1
2
1
1
1
1
4
2
1
1
1
1
1
2
1
1
1
1
1
1
1
1
1
2
4
3
2
2
2
2
3
1
1
2
1
2
1
2
2
1
2
3
1
1
1
1
1
1
1
1
1
1
1
1
1
28
16
7
1
2
28
8
2
2
2
1
1
2
